  00  7.91270e+03 -2.50917e-04
  01  2.81393e+03 1.72548e-04
  02  7.85638e+02 4.82916e-04
  03  3.04268e+02 6.78487e-04
  04  1.33145e+02 6.03582e-04
  05  6.48641e+01 2.43009e-04
  06  3.22608e+01 1.42844e-04
  07  1.44678e+01 2.67046e-04
  08  6.90912e+00 2.49632e-04
  09  3.43589e+00 2.39654e-04
  10  1.30521e+00 1.17776e-04
  11  6.32367e-01 4.41827e-05
  12  1.62808e-01 8.37972e-05
  13  1.06114e-02 1.01978e-04
  14  -5.32517e-03  1.05908e-04
  15  -4.61058e-02  5.08012e-05
  16  -2.44328e-02  1.33064e-05
  17  -2.44861e-02  2.41638e-06
  18  -1.40679e-02  5.05372e-06
  19  -1.83240e-02  -9.28425e-06
  20  -1.84214e-03  1.44647e-05
  21  -3.70611e-02  -1.69737e-05
  22  -8.10450e-02  -2.97815e-05
  23  -6.70940e-02  -1.92932e-05
  24  -2.95880e-02  -2.69605e-05
  25  4.67708e-03 -2.71155e-05
  26  -9.21229e-03  -1.70681e-05
  27  -4.97689e-02  -5.75769e-06
  28  -3.04972e-02  1.54138e-05
  29  1.91985e-02 1.48578e-05
  30  -7.40414e-03  4.85427e-05
  31  -2.86134e-03  7.17809e-05
  32  1.66924e-01 7.74191e-05
  33  3.64333e-01 1.42119e-04
  34  1.98491e-01 2.12742e-04
  35  4.35920e-01 1.87585e-04
  36  1.17631e+00 2.01567e-04
  37  1.88963e+00 1.21539e-04
  38  2.88676e+00 1.60338e-04
  39  4.66491e+00 4.62451e-05
  40  7.43313e+00 4.67476e-05
  41  1.59538e+01 -2.17184e-05
  42  3.27104e+01 -3.74421e-04
  43  7.22718e+01 -5.06348e-04
  44  1.54849e+02 -4.10422e-04
  45  3.43545e+02 -1.52224e-04
  46  8.62803e+02 -3.86290e-04
  47  2.88900e+03 -3.40342e-04
