0000000         11434681.1587747       305306.42887902947	0000000        815.8292479477443       12.390060263653805
0000020        9501371.037662877       344195.97650560265	0000020        680.7097194584405       13.783159035382587
0000040       6486165.8954161415        324324.4651783625	0000040        465.1161380275349       12.837499572566445
0000060        4767916.986852246        269200.3729381277	0000060        341.1550055351678       10.410746491897985
0000100       3725550.5647917734       221875.55986444297	0000100        266.1225550821582        8.195385846223822
0000120        2982832.252791889        189112.6253442516	0000120       213.04785720846223        6.550679776594298
0000140        2408554.913920478       162894.34914081535	0000140       172.44373613705122       5.5190126911898485
0000160       1955006.8635905671       141190.79265640347	0000160       140.27941556011402         4.77187139273893
0000200       1590965.6237055813       122652.72322162711	0000200       114.47159001701594        4.236451515951249
0000220       1302350.6980626122       107004.72644791636	0000220        93.86749815854306       3.9331325267233312
0000240         1069949.72823163        93599.12118183923	0000240        77.19219994743784        3.685150510125945
0000260        880978.8897251583        78834.89430780293	0000260       63.655517429601204        3.201473684237925
0000300        724503.9480318857        62693.26358048202	0000300        52.43346783224674        2.545367078305428
0000320         595872.464739334       47316.620210930625	0000320       43.156892629242726       1.8663415913874821
0000340       490623.28766374424        35707.23939787407	0000340        35.52899329841351       1.2932682985094746
0000360       405298.70826392696        28445.74259749916	0000360       29.319175377611383       0.9108851892661395
0000400        336866.6383824403        23461.99713029701	0000400       24.303505111004878       0.6840416606909078
0000420        282556.6700019262       19900.469728958044	0000420       20.332952601825777       0.5515603896370361
0000440       239258.60895936683       16815.020024217323	0000440       17.181451950413734      0.45480271213936807
0000460       204824.44743387215       14128.647513520847	0000460       14.691063927994302       0.3858200041690779
0000500       177867.00396138037       11719.134272490108	0000500       12.740998249339624       0.3279814154182805
0000520        157621.4368720619        9509.320816082716	0000520        11.27290320336002        0.272140424146604
0000540       143532.92244057384        7698.229137680091	0000540       10.264959622094155      0.21640324076553857
0000560        135378.4807067921        6674.128856540466	0000560        9.695911897552849      0.17873382565705215
0000600        132468.0288718587        6418.910346249254	0000600        9.497025989826783      0.17241943253787972
0000620          135013.53583118        6747.432495043223	0000620         9.67292143268079      0.20142220503544675
0000640       143685.08204417807        7694.150306275192	0000640       10.247850818281487       0.2591969057774425
0000660        158416.8538322902         9154.73762000464	0000660       11.236946952620825      0.34160231524423423
0000700       179142.54397360169        11037.40867086833	0000700       12.652723980139493       0.4420870879592225
0000720       206877.54327327694       13456.482732735727	0000720       14.550863002516866        0.545712089469355
0000740       243115.50895185422       16134.246338125331	0000740        17.01356229579652       0.6443763442160282
0000760          289191.14199448         19145.8266023219	0000760       20.139172576416545       0.7485007147835632
0001000        346400.1544899046        22979.69277526783	0001000       24.050350104081904       0.9015125406430792
0001020        417222.0979194917        27040.44845043901	0001020       28.920141506703104       1.0899901161950036
0001040       504954.23476072866       31567.909572075743	0001040        34.97660899476329       1.2894042916395634
0001060        611486.1640733507        37170.61115938725	0001060         42.4266992996412       1.5524577484227173
0001100        738887.8729939681       43458.605661722446	0001100        51.45179009234182       1.8674208713529443
0001120        895117.0468531423        50062.71147236974	0001120        62.52716405201137        2.163904545496422
0001140       1089566.0013289766         56706.4289825292	0001140        76.19722186575358        2.410951657265528
0001160       1329254.7239243512        65184.31743738979	0001160         92.9955496427276        2.651717014994948
0001200       1624708.1453220553        77132.71876104764	0001200       113.70210516631482       3.1336066358599077
0001220       1986460.9058580762        94881.43253380027	0001220       139.27755804868147        4.164426451734796
0001240       2427855.3116944158        121669.3180602558	0001240       170.83017021303604        5.755168251098168
0001260       2983172.7615485275       157716.69633486736	0001260       210.97380940812073        7.677196167390349
0001300        3727345.849246906       196666.87773071052	0001300        264.5730119336782        9.611997666595828
0001320        4779592.758075698         236144.417143894	0001320        339.9267169961091         11.2996099036888
0001340        6518146.125324081       272273.37055349833	0001340        463.8659706117271       12.230977736713529
0001360        9540225.592273999        280140.6845030976	0001360        678.8557793820505       11.851460622905135
0001400	0001400
