0000000         11434681.1587747       305306.42887902947
0000020        9501371.037662877       344195.97650560265
0000040       6486165.8954161415        324324.4651783625
0000060        4767916.986852246        269200.3729381277
0000100       3725550.5647917734       221875.55986444297
0000120        2982832.252791889        189112.6253442516
0000140        2408554.913920478       162894.34914081535
0000160       1955006.8635905671       141190.79265640347
0000200       1590965.6237055813       122652.72322162711
0000220       1302350.6980626122       107004.72644791636
0000240         1069949.72823163        93599.12118183923
0000260        880978.8897251583        78834.89430780293
0000300        724503.9480318857        62693.26358048202
0000320         595872.464739334       47316.620210930625
0000340       490623.28766374424        35707.23939787407
0000360       405298.70826392696        28445.74259749916
0000400        336866.6383824403        23461.99713029701
0000420        282556.6700019262       19900.469728958044
0000440       239258.60895936683       16815.020024217323
0000460       204824.44743387215       14128.647513520847
0000500       177867.00396138037       11719.134272490108
0000520        157621.4368720619        9509.320816082716
0000540       143532.92244057384        7698.229137680091
0000560        135378.4807067921        6674.128856540466
0000600        132468.0288718587        6418.910346249254
0000620          135013.53583118        6747.432495043223
0000640       143685.08204417807        7694.150306275192
0000660        158416.8538322902         9154.73762000464
0000700       179142.54397360169        11037.40867086833
0000720       206877.54327327694       13456.482732735727
0000740       243115.50895185422       16134.246338125331
0000760          289191.14199448         19145.8266023219
0001000        346400.1544899046        22979.69277526783
0001020        417222.0979194917        27040.44845043901
0001040       504954.23476072866       31567.909572075743
0001060        611486.1640733507        37170.61115938725
0001100        738887.8729939681       43458.605661722446
0001120        895117.0468531423        50062.71147236974
0001140       1089566.0013289766         56706.4289825292
0001160       1329254.7239243512        65184.31743738979
0001200       1624708.1453220553        77132.71876104764
0001220       1986460.9058580762        94881.43253380027
0001240       2427855.3116944158        121669.3180602558
0001260       2983172.7615485275       157716.69633486736
0001300        3727345.849246906       196666.87773071052
0001320        4779592.758075698         236144.417143894
0001340        6518146.125324081       272273.37055349833
0001360        9540225.592273999        280140.6845030976
0001400
