0000000        815.8292479477443       12.390060263653805
0000020        680.7097194584405       13.783159035382587
0000040        465.1161380275349       12.837499572566445
0000060        341.1550055351678       10.410746491897985
0000100        266.1225550821582        8.195385846223822
0000120       213.04785720846223        6.550679776594298
0000140       172.44373613705122       5.5190126911898485
0000160       140.27941556011402         4.77187139273893
0000200       114.47159001701594        4.236451515951249
0000220        93.86749815854306       3.9331325267233312
0000240        77.19219994743784        3.685150510125945
0000260       63.655517429601204        3.201473684237925
0000300        52.43346783224674        2.545367078305428
0000320       43.156892629242726       1.8663415913874821
0000340        35.52899329841351       1.2932682985094746
0000360       29.319175377611383       0.9108851892661395
0000400       24.303505111004878       0.6840416606909078
0000420       20.332952601825777       0.5515603896370361
0000440       17.181451950413734      0.45480271213936807
0000460       14.691063927994302       0.3858200041690779
0000500       12.740998249339624       0.3279814154182805
0000520        11.27290320336002        0.272140424146604
0000540       10.264959622094155      0.21640324076553857
0000560        9.695911897552849      0.17873382565705215
0000600        9.497025989826783      0.17241943253787972
0000620         9.67292143268079      0.20142220503544675
0000640       10.247850818281487       0.2591969057774425
0000660       11.236946952620825      0.34160231524423423
0000700       12.652723980139493       0.4420870879592225
0000720       14.550863002516866        0.545712089469355
0000740        17.01356229579652       0.6443763442160282
0000760       20.139172576416545       0.7485007147835632
0001000       24.050350104081904       0.9015125406430792
0001020       28.920141506703104       1.0899901161950036
0001040        34.97660899476329       1.2894042916395634
0001060         42.4266992996412       1.5524577484227173
0001100        51.45179009234182       1.8674208713529443
0001120        62.52716405201137        2.163904545496422
0001140        76.19722186575358        2.410951657265528
0001160         92.9955496427276        2.651717014994948
0001200       113.70210516631482       3.1336066358599077
0001220       139.27755804868147        4.164426451734796
0001240       170.83017021303604        5.755168251098168
0001260       210.97380940812073        7.677196167390349
0001300        264.5730119336782        9.611997666595828
0001320        339.9267169961091         11.2996099036888
0001340        463.8659706117271       12.230977736713529
0001360        678.8557793820505       11.851460622905135
0001400
